8 9
2863854273208375692 6875936094877214213 4519098696903601488 285505970464568772 525205779039432050 -1556682463840955128 -987722198793882609 4747699836333111908 -4097650071458286726 
-5300987753880986589 136511920197087273 1966365324316994986 5109892012361417387 1745842767246129824 9060493826124752634 -5761553283491279681 7146102182534106196 -3498738233642086138 
-2133598592828513258 3067596720950376777 -6738765903832138774 -1706619588077787691 1468619243406828979 8580484964104983505 1049360292817007738 6990849390954216752 961121146647570534 
6664222906222507231 841596038874576663 -1925567992397578991 -6482646954803461344 -529458033222272595 7066860057522473128 3820888237076354288 -4482165849406010806 2764728606976163141 
-4008011047810697934 -3157412468804266898 6425826144256347606 -7216503470055429948 -2786759243640168100 3606346115936091502 -6444598001385859921 -4821982875483825059 -1336924523760702104 
-1062128866044735174 -2870737127957266549 -494207122286423953 4578974359229491879 -318275352986556912 -4180190763352742024 -1168415643683239490 4919176770589876850 -291443670899661147 
307957524845651228 -5088069125309903475 -808214019563066057 -3687156288474159114 -1337620290519253413 2377210289114579008 8403909500054782647 1309516433961850241 336110441180681352 
-4782025513405858433 -5186395033916309953 -5139315051560204920 -2005248280212887876 2201459523145089049 8778825718501353671 1976219196561250248 7729381111265075488 253853479512467372 
Tempo de execução: 2.284e-06 segundos;
